100
200
10 7 13 19 26 3 5 9 16 16 12 19 23 20 8 19 2 12 17 9 11 18 29 3 6 17 16 16 9 21 27 23 11 14 8 5 8 16 31 9 5 5 7 18 16 1 27 36 30 13 10 9 14 18 2 6 7 18 28 3 13 19 10 9 20 25 25 36 6 5 15 25 9 8 18 13 14 3 23 6 26 16 11 7 41 35 26 9 15 3 1 2 22 27 20 11 12 10 9 17 
0   15.23   18   22.36   25   20.61   11.18   21.21   26.24   32.01   25.49   33.54   15   11.18   32.01   30.41   29.15   30.41   15.81   32.01   31.62   18.02   26.92   36.05   30   33.54   11.18   5   6.32   29.83   25.49   17.46   34   24.75   36.05   41.03   41.4   21.21   42.42   33.97   11.18   28.86   25.49   34.17   31.89   29.15   35.46   34.2   27.8   43.93   16.97   26.92   11.31   4.47   22.8   30.46   29.2   23.19   9.05   17.8   18.02   25.49   25.49   34.92   46.51   49.92   40.49   43.86   21.37   12.16   21.09   39.66   22.47   20.12   24.59   27.78   15.65   19.69   31.06   25.55   21.09   27.58   23.32   21.09   24.33   23.02   35.35   18.38   19.23   9   32.24   25.61   18.38   20.24   12.04   14.86   15.26   17.2   21.26   17.49   24.04   
15.23   0   32.55   14.56   32.2   32.2   24.83   21.02   31.57   17.8   15.55   26.4   16.64   26.4   46.87   45.35   42.44   40.7   22.84   28.23   16.49   29.27   39.2   46.17   27.78   37.64   19.41   10.81   12   24.04   11.04   10.44   20.88   12.36   24.73   27.2   40.52   35.8   56.85   41.59   24.02   42.01   40.71   49.39   46.09   36.68   39.01   33.73   28.16   39.82   6.32   12.04   15.23   18.43   25.61   34.05   38.89   38.07   23.53   32.01   28.3   38.28   19.23   24.41   38.2   35   25.29   51.1   18.02   4.47   8.06   24.83   33.54   32.14   36.34   38.83   10.63   13.41   20.22   16.03   19.2   14.86   26.07   29.54   34.98   36.79   48.27   33.61   15.29   20.51   20.59   39.69   33.01   33.97   26.62   29.68   29.06   32.24   35.6   31.14   38.6   
18   32.55   0   34.4   20.22   23.85   16.4   36.24   36.06   47.42   43.28   50.28   23.43   9.43   21.18   13   25.17   32.69   27.45   47.42   49.03   10.44   12.2   23.32   34.98   30.14   16.4   23   20.88   38.28   43.28   35.22   52   39.35   48.41   55.56   54.2   15.29   32.31   25.49   9.43   12.2   12.08   18.43   24.18   35.8   45.27   47.43   41.34   58.66   32.31   43.32   27.2   14.14   25.05   28.63   18.68   5.83   9.05   15.65   24.75   24.04   42.44   52.61   63.24   65.79   57.72   34.17   30.41   30.06   39.05   55.54   12.04   9   11.7   15.23   28.65   31.62   43.6   38.01   29   42.05   36.05   29   27.78   19.64   31.01   7.07   36.13   20.12   50.15   20.09   13.92   18.38   13.45   12.2   16.4   10.77   16.49   17.49   17.02   
22.36   14.56   34.4   0   25   42.72   33.54   35.35   45.04   15   29.15   40.31   11.18   32.01   53.15   47.16   51.47   52.2   35.35   42.72   22.36   26.92   36.4   40   14.14   26.92   18.02   20.61   16.12   9.48   21.21   25   31.24   7.28   14.14   21.54   55.08   43.01   64.03   33.37   25   40.16   45.27   52.8   53.82   49.49   53.08   48.27   42.57   54.12   8.24   14.31   28.07   22.8   16.12   23.4   33.06   40.22   26.87   39.96   39.56   47.85   33.61   36.87   51.22   32.75   28.63   41.76   6.08   18.11   21.09   23.08   30.08   30.08   33.24   34.52   6.7   2.82   9.21   3.6   8.06   9   40.04   41.77   46.17   45.27   57.7   38.18   29.83   30.67   32.55   47.7   40.22   42.54   34.13   36.61   37.58   38.41   43.26   39.82   45.8   
25   32.2   20.22   25   0   41.23   31.62   46.09   50.53   40   47.16   57   15.81   25.49   41.23   29.15   45   50.99   40.31   56.56   46.09   10   14.14   15   18.02   10   14.14   28.28   22.02   23.76   42.72   40   52.92   32.06   36.4   45.7   66.4   35   52.2   9.43   15.81   18.38   32.01   36.23   44.4   52.2   59.94   59.2   52.8   68.59   28.16   38.47   36.23   21.09   9.21   8.54   8.24   24.35   19.92   34.23   40.49   43.18   49.04   56.43   69.63   57.42   53.33   19.2   19.02   32.44   40.24   48.04   8.94   11.4   11.4   10.81   22.8   23.08   32.55   28.07   17.02   34   48.25   44.38   45.35   39.05   51.03   27.07   43.18   32.64   52.77   40.01   33.06   37.21   29.83   30.26   33.73   30.01   36.01   35.51   37.05   
20.61   32.2   23.85   42.72   41.23   0   10   20.61   13.92   50   33.54   35.35   35.35   15.81   20   29.15   11.18   10   11.18   30   46.09   31.62   36.05   47.16   50.24   50.99   30   22.36   26.92   50.44   39.05   27.2   43.82   43.9   55.9   59.4   32.69   11.18   26.92   48.46   25.49   35.46   20.12   28.16   16.49   12.04   22.2   26.92   22.09   39.05   36.23   44.04   17.69   22.02   42.01   48.5   42.04   24.75   21.37   8.48   4.47   6.7   29.41   40.8   47   66.46   54.81   57.69   41.97   27.8   34.05   56.63   34.92   31.78   35.35   38.94   36.05   40.16   50.99   45.69   41.59   46.64   17   7.07   4.12   8.06   16.27   17.69   24.59   12.08   40.31   11   10.63   6.7   11.4   11.66   7.61   13.45   9.84   6.4   12.36   
11.18   24.83   16.4   33.54   31.62   10   0   20.61   19.84   42.42   30.41   35.35   25.49   7.07   22.36   25.49   18.02   20   11.18   31.62   40.31   22.36   28.28   39.05   40.31   41.23   20   14.14   17.46   40.8   33.54   22.8   40.26   35.6   47.16   51.66   37.8   11.18   32.01   39.35   15.81   28.6   18.02   27.07   21.26   20.61   29.2   31.06   25.05   42.48   27.8   36.87   13.15   12.04   32.01   38.63   33.28   19.31   11.7   7.21   8.94   14.31   28.01   39.05   48.05   59.81   49.24   48.87   32.28   20.8   28.63   49.67   26.07   23.02   27.01   30.61   26.83   30.87   42.19   36.71   31.78   38.41   19.72   13.03   14.03   12.04   24.18   12.36   22.02   5.09   37.48   14.86   8.54   9.21   3.16   6   4.24   9   10.81   6.4   13.89   
21.21   21.02   36.24   35.35   46.09   20.61   20.61   0   12.2   36.4   14.14   15   33.54   26.92   40.31   46.09   31.62   25   10   11.18   29.15   39.05   47.16   57   47.43   54.08   32.01   18.02   24.69   44.72   22.36   11.18   24.2   33.06   45.27   45.54   20.59   30   47.43   55.17   32.01   48.3   38.2   47.09   37.1   18.43   18.11   13.41   7.28   22.8   27.16   30.08   9.89   25.49   42.54   50.77   50.32   39.84   28.84   26.01   16.27   27.2   8.94   20.24   27.45   49.92   37.01   65.06   37.64   17.26   18.02   41.14   43.41   40.8   45.22   48.6   30.08   33.73   41.04   37.05   38.27   35.22   5.83   14.31   21.02   28.28   35.77   32.98   6.32   16.15   20.24   31.4   28.07   26.07   23.76   26.47   23.08   29.42   29.01   24   32.06   
26.24   31.57   36.06   45.04   50.53   13.92   19.84   12.2   0   48.1   26.24   24.16   40.79   26.9   33.37   42.94   23   13.92   10.44   17.72   41.34   41.88   48.1   58.89   55.57   59.61   37.33   25.17   31.57   54   34.48   22.84   36.06   43.93   56.29   57.38   18.78   25.07   38.32   58.83   34.98   48.16   34.01   42.05   29.01   6.4   9.43   13.15   9.48   25.31   37.21   41.78   17   29.54   49.04   56.64   53   38.01   31.06   21.95   11.4   19.1   20.51   31.06   34.36   62.12   49.2   68.5   46.17   27.29   29.96   53.23   45.8   42.8   46.86   50.44   39.01   43   51.78   47.26   46.38   46.32   6.4   7.21   12.04   21.84   25.7   30.8   18.35   17.88   31.89   24.51   24.18   20.61   22.62   24.2   20   26.62   23.76   19.72   26.24   
32.01   17.8   47.42   15   40   50   42.42   36.4   48.1   0   25   35.35   25.49   43.01   64.03   60.41   60.2   58.3   40.31   40   11.18   41.23   50.99   55   26.92   41.23   31.62   28.28   26.92   20.12   15   25.29   21.93   8.24   11.18   9.43   53   53.15   74.33   48.25   38.07   54.57   57.14   65.36   63.65   53.71   54.34   47.16   42.75   49.64   15.26   6.32   32.75   34.13   31.06   37.85   48.04   53.22   38.94   49.51   46.04   56.08   31.06   29.41   43.46   18.38   14.31   56.29   21.02   22.2   18.43   8.24   44.72   44.38   47.85   49.36   18.97   17.11   10   12.16   23.02   6   42.05   47.01   52.69   54.45   66.06   49.92   30.08   38.28   25   57.28   50.32   51.62   43.93   46.86   46.66   49.2   53.07   48.79   55.97   
25.49   15.55   43.28   29.15   47.16   33.54   30.41   14.14   26.24   25   0   11.18   32.01   35   52.2   55   44.72   39.05   22.36   15   15.81   42.72   52.2   60.41   43.01   53.15   33.54   20.61   25.49   38.47   10   8.06   10.29   24.35   35.35   33.37   28   41.23   60.41   56.6   36.4   54.34   48.37   57.42   49.76   32.55   30.46   22.36   18.78   25.29   21.4   19.1   17.26   29.83   41.1   49.57   53.22   48.04   34.52   37.1   29.06   40.24   6.32   9.48   22.67   36.23   23.02   66.28   33.42   14.76   8.06   28.16   47.16   45.22   49.64   52.55   26.17   28.6   32.01   29.54   34.71   25.7   19.84   28.01   34.66   40.49   49.39   42.04   8.94   25.31   7.07   43.65   38.83   37.94   33.24   36.34   33.95   39.31   40.52   35.44   43.68   
33.54   26.4   50.28   40.31   57   35.35   35.35   15   24.16   35.35   11.18   0   42.42   41.23   55.22   60.82   46.09   38.07   25   7.07   25   51.47   60.41   69.46   54.08   63.63   43.01   29.15   35   49.64   20.61   17.02   15.52   35.46   46.09   43   18.68   45   61.84   66.4   44.72   62.03   53.15   62.07   51.78   30.41   24.75   15   14.76   14.31   32.44   29.83   23.08   38.01   51.62   60.1   62.43   54.34   42.15   41.01   31.14   41.77   8.06   8.06   13   43.68   30.08   76.21   44.4   24.75   19.23   37.12   55.94   53.66   58.13   61.29   37.01   39.66   43.01   40.71   45.6   36.68   18.68   28.63   35.17   43.18   49.64   47.67   14.31   30.59   11.18   46.27   43.04   41.04   38.47   41.3   38.05   44.28   44.01   39   47.04   
15   16.64   23.43   11.18   15.81   35.35   25.49   33.54   40.79   25.49   32.01   42.42   0   22.36   43.01   36.05   42.72   45.27   30.41   43.01   30.41   15.81   25.49   30.41   15   21.21   7.07   15.81   9.21   15.65   26.92   25.49   37.16   17.26   25   32.69   54.12   33.54   54.08   25.07   14.14   29.12   34.71   41.86   44.29   44.1   49.72   46.95   40.71   55   12.36   23.02   24.35   13.6   9.21   17.69   23.19   29.2   16.64   31.01   33.01   39.56   34.71   41.04   54.67   43.68   38.01   34.48   7.21   17.69   24.69   33.73   19.23   18.97   22.36   24.02   7.07   8.54   20.24   14.76   6.32   19.64   37   36.05   39.2   36.4   49.04   27.8   29.41   24   37.21   38.48   30.87   33.83   25.29   27.31   29.12   28.65   34.01   31.32   36.23   
11.18   26.4   9.43   32.01   25.49   15.81   7.07   26.92   26.9   43.01   35   41.23   22.36   0   21.21   20   20.61   25.49   18.02   38.07   42.72   15.81   21.21   32.01   36.4   35.35   15.81   15.81   16.27   38.01   36.4   27.01   44.28   35.46   46.09   51.85   44.82   11.18   32.01   32.69   10   21.63   14.31   23.08   21.95   27.29   36.23   38.01   31.9   49.24   27.8   38.07   18.24   9.21   27.29   33.06   26.41   13.15   6.08   9.05   15.81   18.02   33.54   44.1   54.12   61.05   51.62   42.05   29.52   23.08   31.78   50.77   19.23   16.12   20   23.6   25.49   29.2   41.1   35.46   28.63   38.28   26.62   20   19.92   14.31   26.92   7.28   27.29   10.77   42.01   16.15   8.54   12.04   4.47   5.09   8.24   6.4   11.7   10.04   13.89   
32.01   46.87   21.18   53.15   41.23   20   22.36   40.31   33.37   64.03   52.2   55.22   43.01   21.21   0   15.81   11.18   22.36   30.41   50   62.64   31.62   30   40.31   55.9   50.99   36.05   36.05   37.48   58.52   55.9   44.94   62.29   56.63   67.26   73   51.66   11.18   11.18   45.04   29.15   27.16   9.21   10.63   5.65   29.41   40.16   46.52   42.04   58.69   48.91   58.82   35.11   30.41   46.09   49.72   38.05   17.11   26.4   15.23   24.08   14.31   48.83   60.2   67   81.84   71.58   52.23   50.21   43.04   50.99   71.61   32.55   29.83   31.14   34.01   46.69   50.32   62.28   56.63   49.09   59.46   37   27.01   21.37   12.04   13.6   15.26   43.41   27.31   59.2   9   13.89   14.31   20.24   17.2   18.38   14.86   11.7   16.76   8.54   
30.41   45.35   13   47.16   29.15   29.15   25.49   46.09   42.94   60.41   55   60.82   36.05   20   15.81   0   25   35.35   36.4   57   61.84   21.21   15.81   25   46.09   38.07   29.15   35.35   33.83   50.24   55.9   47.01   64.19   52.32   61.03   68.47   61.71   18.02   25   30.8   22.36   12.16   9.21   7.28   21.02   40.8   51.31   55.54   49.97   67.41   45.31   56.3   38.11   26.92   36.12   37.58   24.04   7.28   21.84   21.02   31.78   26.17   53.33   64.07   73.54   78.79   70.6   37   42.8   42.57   51.47   68.54   20.24   18.43   17.88   19.92   41.59   44.41   56.3   50.77   41.23   55   44.59   35.77   32.2   22.02   29.06   13.15   47.16   30.26   62   20.51   18.78   22.47   22.36   19.64   23.4   16.76   19.41   23.25   17.69   
29.15   42.44   25.17   51.47   45   11.18   18.02   31.62   23   60.2   44.72   46.09   42.72   20.61   11.18   25   0   11.18   22.36   40.31   57   35   36.4   47.43   57   55   36.4   32.01   35.35   58.3   50   38.27   55   53.6   65.19   69.52   40.79   10   15.81   50.63   30.41   34.53   16.12   21.4   6.08   18.43   29.12   36.05   32.14   48.16   45.8   54.45   28.6   29.15   47.85   53.08   43.73   23.4   26.68   11.7   15.65   4.47   40.49   51.86   57.21   77.15   65.8   58.94   49.76   38.18   45   67.17   37.21   34.13   36.67   40.02   44.77   48.76   60.2   54.7   49.04   56.4   27.45   17.46   11.04   6.32   6.32   18.11   35.77   21.93   51.47   5.09   12.16   8.94   17.46   15.52   13.89   15.03   9.05   11.66   8.24   
30.41   40.7   32.69   52.2   50.99   10   20   25   13.92   58.3   39.05   38.07   45.27   25.49   22.36   35.35   11.18   0   18.02   31.62   53.15   41.23   44.72   55.9   60.2   60.82   40   31.62   36.67   60.2   46.09   34.05   49.2   52.8   65   67.74   30.14   18.02   25   57.87   35.35   43.56   26.17   32.44   17.08   8.06   18.24   26.17   23.4   38.01   45.31   52.15   25.55   32.01   52   58.42   51.26   32.44   31.25   17.08   12.64   9.21   33.83   44.77   48.05   73.87   61.52   66.85   51.78   36.23   41.23   64.4   44.27   41.1   44.38   47.92   45.6   49.72   60.16   55.02   51.47   55.46   19.72   11.4   6.08   13.6   12.04   25.94   30.41   21.58   45.22   14.86   18.78   14.31   21.21   20.88   17.26   21.93   16.64   15.52   17.69   
15.81   22.84   27.45   35.35   40.31   11.18   11.18   10   10.44   40.31   22.36   25   30.41   18.02   30.41   36.4   22.36   18.02   0   20.61   35.35   32.01   39.05   49.49   45.27   49.24   26.92   15   21.21   44.04   28.28   16.27   32.64   35.11   47.43   49.73   26.9   20   38.07   48.82   25   39.66   28.28   37.12   27.51   14.14   19.69   20   13.89   31.3   27.89   34.13   7.61   19.23   38.6   46.23   43.27   30.46   21.26   16.03   6.7   17.88   18.43   29.83   37.33   55.97   43.93   58.6   36.01   18.38   23.34   46.4   36.12   33.24   37.48   41.01   29.06   33.13   42.72   37.85   36.12   37.69   8.6   6.7   12.72   18.43   27.2   23.4   13.41   7.81   29.15   21.58   18.11   16.12   14.31   16.76   13.15   19.64   19.02   14   22.09   
32.01   28.23   47.42   42.72   56.56   30   31.62   11.18   17.72   40   15   7.07   43.01   38.07   50   57   40.31   31.62   20.61   0   30.41   50   58.3   68   55.9   64.03   42.42   28.28   34.71   52.2   25   17.88   21.93   38.83   50.24   48.25   13   40.31   55.9   65.79   43.01   59.48   48.83   57.55   46.17   23.76   17.69   8.06   8.24   12.04   34.53   34.05   20.8   36.4   52.2   60.6   61.22   50.92   39.96   36.49   26.07   36.12   9.21   15   17   49.97   36.4   75.69   46.06   25.55   22.36   42.75   54.4   51.86   56.3   59.64   38.47   41.62   46.69   43.68   47.01   40.44   13   23.02   29.27   38.01   43.41   43.96   13.6   27.31   17.46   41   38.63   36.12   34.78   37.36   33.73   40.26   39.2   34.36   42.1   
31.62   16.49   49.03   22.36   46.09   46.09   40.31   29.15   41.34   11.18   15.81   25   30.41   42.72   62.64   61.84   57   53.15   35.35   30.41   0   45   55   60.82   36.05   49.24   35   26.92   28.28   29.83   7.07   19.1   10.77   15.26   22.36   18   43.28   51.47   72.11   55.08   40.31   58.07   57   65.78   61.29   47.43   46.23   38.07   34.53   39.11   18.11   8.06   28.42   34.92   37.94   45.69   53.6   54.57   40.02   47.5   41.77   52.63   22.13   18.43   32.31   20.8   8.94   63.9   28.23   19.69   12.04   12.36   49.04   48.01   52   54.14   23.34   23.4   20.61   20.8   30.08   14.86   34.98   41.77   48.08   51.86   62.36   49.97   23.02   35.51   14.14   54.91   48.76   49.09   42.48   45.61   44.41   48.33   51.1   46.32   54.2   
18.02   29.27   10.44   26.92   10   31.62   22.36   39.05   41.88   41.23   42.72   51.47   15.81   15.81   31.62   21.21   35   41.23   32.01   50   45   0   10   18.02   25   20   10   22.36   17.46   29.06   40.31   34.92   50   32.98   40.31   48.46   58.72   25   42.72   17   7.07   13.34   22.47   27.8   34.52   42.95   51.31   51.62   45.25   61.84   27.07   38.2   29.2   13.6   15   18.24   11.31   15.26   10.81   24.33   31.3   33.24   43.41   52.2   64.41   59.48   53.15   26.62   21.95   28.16   36.87   49.47   4.47   3.16   7.07   9.84   22.36   24.35   35.77   30.46   20.24   35.44   40.36   35.35   35.73   29.06   41.04   17.11   37.21   24.2   49.04   30.01   23.08   27.29   20.24   20.39   24.04   20.02   26.01   25.7   27.07   
26.92   39.2   12.2   36.4   14.14   36.05   28.28   47.16   48.1   50.99   52.2   60.41   25.49   21.21   30   15.81   36.4   44.72   39.05   58.3   55   10   0   11.18   32.01   22.36   20   31.62   27.29   37.21   50.24   44.27   59.84   42.75   49.24   57.87   65.94   26.92   40.31   15.13   15.81   4.24   21.09   23.08   34.23   48.01   57.38   59.03   52.8   69.89   37.05   48.16   37.58   22.47   22.47   22.2   8.24   13.15   18.35   27.78   36.87   35.84   52.39   61.68   73.4   69.12   63.12   22.56   31.01   37.85   46.69   59.22   6.32   7.07   3.16   4.12   32.24   33.95   44.94   39.84   29.15   45.12   47.63   41.1   39.96   31.38   41.77   18.78   46.09   31.4   58.69   31.32   25.94   30.41   25.49   24.41   28.6   22.82   28.23   29.68   28.16   
36.05   46.17   23.32   40   15   47.16   39.05   57   58.89   55   60.41   69.46   30.41   32.01   40.31   25   47.43   55.9   49.49   68   60.82   18.02   11.18   0   31.62   18.02   26.92   40.31   34.92   38.07   57   52.77   67.05   47.04   50.99   60.53   76.38   38.07   50   8.6   25   13.15   31.78   32.06   44.91   59.07   68.24   69.35   63.03   79.81   42.75   53.33   47.2   31.62   24.08   19.69   7.28   24.04   28.31   38.94   47.8   47.01   61.4   69.85   82.36   72.33   68.26   12   34.01   45.69   54.08   63.03   13.6   16.27   12.04   8.48   37.48   38.05   47.38   43.04   32.01   49   58   52   51.1   42.54   52.63   29.96   55.22   41.72   66.48   42.37   37.12   41.59   36.4   35.51   39.66   34   39.39   40.81   39.21   
30   27.78   34.98   14.14   18.02   50.24   40.31   47.43   55.57   26.92   43.01   54.08   15   36.4   55.9   46.09   57   60.2   45.27   55.9   36.05   25   32.01   31.62   0   15   20.61   30.41   24.08   7.07   35.35   38.01   45.34   20.8   20   30.06   67.77   47.43   67.08   23.53   26.92   36.23   47.01   52.8   57.93   59.07   64.32   60.74   54.7   67.6   21.63   28.01   38.83   28.28   10   12.16   25.94   40.22   30.36   45.35   48.01   54.12   47.01   50.99   65.29   42.1   41.23   30.06   9.84   30.46   35   33.95   26.17   27.65   29.06   28.84   17.46   14.42   17.46   15.26   9.21   21.47   51.41   51.03   54.14   50.69   63.32   40.71   42.54   39   46.69   52.49   44.92   48.27   39.81   41.48   43.73   42.37   48.08   45.89   49.97   
33.54   37.64   30.14   26.92   10   50.99   41.23   54.08   59.61   41.23   53.15   63.63   21.21   35.35   50.99   38.07   55   60.82   49.24   64.03   49.24   20   22.36   18.02   15   0   22.36   36.05   29.41   22.02   47.16   46.69   57.45   34.17   35   45.04   74.62   45   61.84   9.43   25.49   26.41   41.77   45.31   54.33   61.68   68.94   67.41   61.05   76.05   32.44   41.23   44.41   30.08   12.04   3.6   14.42   33.95   29.61   44.18   50   53.15   55.9   62   75.82   57.07   55.36   15.13   21.02   38.89   45.6   48.66   18.43   21.21   20.24   18.35   27.2   25.94   32.24   29.12   19.23   35.44   56.82   53.75   55.1   49.04   61.03   37.05   50.44   41.78   58   50   43.04   47.16   39.62   40.19   43.56   40.01   46.01   45.39   47.04   
11.18   19.41   16.4   18.02   14.14   30   20   32.01   37.33   31.62   33.54   43.01   7.07   15.81   36.05   29.15   36.4   40   26.92   42.42   35   10   20   26.92   20.61   22.36   0   14.14   8.06   22.47   30.41   26.07   40.26   23.4   32.01   39.35   52.43   26.92   47.16   23.43   7.07   23.19   27.65   34.82   37.57   39.81   46.61   45.22   38.83   54.45   17.11   28.28   22.2   8.06   12.04   19.31   19.69   22.2   9.84   24.73   28.28   33.54   35   42.95   55.75   49.97   43.18   33.3   14.21   18.78   27.2   39.84   14.14   13.03   17.02   19.41   12.64   15.26   27.2   21.63   13.03   26   34.48   31.78   34.01   30.08   42.72   20.8   29.06   19.64   39.56   31.95   24.35   27.65   19.23   20.88   23.19   21.93   27.51   25.31   29.54   
5   10.81   23   20.61   28.28   22.36   14.14   18.02   25.17   28.28   20.61   29.15   15.81   15.81   36.05   35.35   32.01   31.62   15   28.28   26.92   22.36   31.62   40.31   30.41   36.05   14.14   0   6.7   29.06   20.61   12.64   29   21.63   33.54   37.53   38.58   25   46.09   37.53   15.81   33.73   30.08   38.89   35.38   29.06   33.95   31.38   25.05   40.31   13.89   22.8   8.54   9.21   24.59   32.75   33.28   28.16   14.03   21.26   18.97   28.01   21.09   30.08   42.05   45.8   35.84   47.42   21.02   7.28   16.12   35.6   26.83   24.69   29.15   32.2   14.14   18.24   28.63   23.4   21.21   24.41   21.18   21.21   25.63   26.17   38.01   23.08   15   10.29   27.29   29   22.2   23.34   15.81   18.86   18.38   21.47   24.83   20.51   27.8   
6.32   12   20.88   16.12   22.02   26.92   17.46   24.69   31.57   26.92   25.49   35   9.21   16.27   37.48   33.83   35.35   36.67   21.21   34.71   28.28   17.46   27.29   34.92   24.08   29.41   8.06   6.7   0   23.53   23.02   18.02   32.55   19.2   30   35.6   45.27   27.01   48.16   31.4   12.04   30.01   30.23   38.47   37.8   35.01   40.52   38.07   31.76   46.75   11.66   22.47   15.23   7.21   17.88   26.07   27.73   26.57   12.08   23.85   24.18   31.78   27.01   34.92   47.7   45.17   36.87   41.23   15.13   10.77   19.41   34.88   21.84   20.22   24.51   27.2   9.43   13.41   25   19.41   15   22.02   27.85   27   30.59   29.15   41.59   23.02   21.21   15.13   31.62   31.62   24.2   26.41   18.02   20.61   21.47   22.62   27.2   23.7   29.83   
29.83   24.04   38.28   9.48   23.76   50.44   40.8   44.72   54   20.12   38.47   49.64   15.65   38.01   58.52   50.24   58.3   60.2   44.04   52.2   29.83   29.06   37.21   38.07   7.07   22.02   22.47   29.06   23.53   0   30   34.48   39.62   14.86   13.03   23.02   64.56   49.19   69.64   30.26   29.41   41.34   50   56.58   59.94   58.13   62.28   57.72   51.97   63.56   17.72   21.93   37.01   29.15   14.76   19.02   31.95   43.86   32.24   46.61   47.67   55.02   43.08   45.8   60.21   35.05   34.43   37.12   8.54   27.45   30.41   26.92   31.06   32.01   34.13   34.43   15   11.04   10.44   9.21   9.43   15   49.25   50.24   54.12   52   64.62   43.26   39.29   38.63   41.4   54.12   46.51   49.39   40.85   42.95   44.59   44.29   49.65   46.81   51.88   
25.49   11.04   43.28   21.21   42.72   39.05   33.54   22.36   34.48   15   10   20.61   26.92   36.4   55.9   55.9   50   46.09   28.28   25   7.07   40.31   50.24   57   35.35   47.16   30.41   20.61   23.02   30   0   12.04   10.29   15.26   25.49   23.53   38   44.72   65.19   52   35   53.03   50.59   59.48   54.37   40.49   39.84   32.24   28.16   34.92   14.76   9.21   21.4   29.15   35.35   43.56   49.72   48.66   34.23   40.7   34.71   45.6   16.12   15.81   30.23   27.8   15.81   61.26   26.4   13.34   5   18.78   44.55   43.18   47.38   49.81   20.12   21.4   22.47   20.8   28.01   16.15   28.17   34.71   41.01   44.94   55.31   43.68   16.12   28.65   11.4   48.02   42.04   42.19   35.84   39   37.58   41.78   44.29   39.44   47.41   
17.46   10.44   35.22   25   40   27.2   22.8   11.18   22.84   25.29   8.06   17.02   25.49   27.01   44.94   47.01   38.27   34.05   16.27   17.88   19.1   34.92   44.27   52.77   38.01   46.69   26.07   12.64   18.02   34.48   12.04   0   17.46   22   34.13   34.53   30.08   33.83   53.71   49.4   28.46   46.32   40.6   49.64   42.94   28.65   29.27   23.34   18   29.68   16.76   18.97   9.84   21.84   34.71   43.18   45.65   40.01   26.47   29.73   22.8   33.83   9.21   17.46   29.68   39.82   27.65   59.2   28.17   7.81   7.21   30.52   39.39   37.33   41.78   44.77   20.59   23.76   30   26.3   29.15   24.08   16.76   22.67   29   33.54   43.41   34.13   5   17.72   15   36.67   31.32   30.87   25.49   28.63   26.57   31.57   33.24   28.23   36.4   
34   20.88   52   31.24   52.92   43.82   40.26   24.2   36.06   21.93   10.29   15.52   37.16   44.28   62.29   64.19   55   49.2   32.64   21.93   10.77   50   59.84   67.05   45.34   57.45   40.26   29   32.55   39.62   10.29   17.46   0   24.75   33.1   28.28   34.2   51.24   70.68   62.24   44.28   62.39   58.05   67.08   60   42.44   39.11   29.96   27.8   29.01   25.05   17.8   27.2   38.05   45.65   53.85   59.77   57.07   43.01   47.12   39.35   50.53   15.55   8   21.54   28.16   14.56   71.55   36.61   22.09   13.15   22.02   54.34   52.77   57.07   59.66   30.41   31.62   31.06   30.41   38.27   25   29.73   38.27   44.94   50.69   59.68   51.47   19.23   35.17   4.47   53.85   48.76   48.1   42.95   46.09   43.96   49.03   50.59   45.54   53.75   
24.75   12.36   39.35   7.28   32.06   43.9   35.6   33.06   43.93   8.24   24.35   35.46   17.26   35.46   56.63   52.32   53.6   52.8   35.11   38.83   15.26   32.98   42.75   47.04   20.8   34.17   23.4   21.63   19.2   14.86   15.26   22   24.75   0   12.36   16.4   51.62   45.96   67.17   40.6   29.96   46.32   49.4   57.45   56.63   49.04   51.15   45.17   40   49.64   7.81   7.21   27.51   26.4   23.34   30.67   40   45.17   31.06   42.52   40.24   49.64   29.61   31.06   45.48   26.57   21.37   49.04   13.34   16.76   16.49   16.49   36.49   36.13   39.62   41.19   10.77   9   8   5.65   15.29   2.82   38.32   41.78   46.95   47.63   59.64   42.2   27   31.9   26.62   50.32   43.13   44.82   36.79   39.59   39.82   41.77   46.01   42.01   48.79   
36.05   24.73   48.41   14.14   36.4   55.9   47.16   45.27   56.29   11.18   35.35   46.09   25   46.09   67.26   61.03   65.19   65   47.43   50.24   22.36   40.31   49.24   50.99   20   35   32.01   33.54   30   13.03   25.49   34.13   33.1   12.36   0   10.19   63.19   57   78.1   43.28   39.05   53.22   59.41   66.84   67.8   61.4   63.38   57   52.08   60.41   19.69   16.27   39.84   36.87   27.2   32.06   44.64   54.2   41.01   53.82   52.39   61.4   41.1   40.49   54.62   22.2   24.08   50.03   18.35   29.12   28.01   15.26   42.95   43.41   46.09   46.81   20.61   16.97   5   10.63   20.12   10.04   50.63   54.08   59.09   59.07   71.34   52.32   39.11   43.82   36.05   61.61   54.2   56.3   48.01   50.6   51.31   52.49   57.2   53.53   59.81   
41.03   27.2   55.56   21.54   45.7   59.4   51.66   45.54   57.38   9.43   33.37   43   32.69   51.85   73   68.47   69.52   67.74   49.73   48.25   18   48.46   57.87   60.53   30.06   45.04   39.35   37.53   35.6   23.02   23.53   34.53   28.28   16.4   10.19   0   61.2   62.24   83.45   53.08   46.14   61.68   65.8   73.78   72.83   63.07   63.32   55.73   51.66   57.07   24.08   15.65   42.19   42.8   36.49   42   53.93   61.4   47.43   58.69   55.47   65.43   39.62   36.22   49.47   12.04   16.12   60.13   26.92   31.62   27.51   6.7   51.54   51.62   54.7   55.78   26.92   24.16   13.15   18.02   28.86   13.6   51.26   56.43   62.12   63.7   75.43   58.6   39.21   47.63   32.06   66.48   59.41   60.87   53.03   55.9   55.9   58.13   62.22   58.05   65.06   
41.4   40.52   54.2   55.08   66.4   32.69   37.8   20.59   18.78   53   28   18.68   54.12   44.82   51.66   61.71   40.79   30.14   26.9   13   43.28   58.72   65.94   76.38   67.77   74.62   52.43   38.58   45.27   64.56   38   30.08   34.2   51.62   63.19   61.2   0   43.86   55.08   75.28   51.66   66.4   52.8   60.74   46.87   22.36   12   7.21   13.6   8.94   46.84   47.04   30.23   45.45   63.13   71.34   70.03   56.6   48.08   40.7   30.01   37.36   22.09   26.57   21.4   62.36   48.76   85.14   57.93   37.33   35.22   55.57   62.93   60.1   64.38   67.89   50.32   53.75   59.53   56.29   58.69   53.33   18.38   25.94   30.36   40.49   42.04   49.39   25.29   34.65   29.83   43.01   42.94   39.39   40.8   42.72   38.58   45.27   42.54   38.47   44.94   
21.21   35.8   15.29   43.01   35   11.18   11.18   30   25.07   53.15   41.23   45   33.54   11.18   11.18   18.02   10   18.02   20   40.31   51.47   25   26.92   38.07   47.43   45   26.92   25   27.01   49.19   44.72   33.83   51.24   45.96   57   62.24   43.86   0   21.21   40.79   20.61   25.55   8.94   17.26   10.81   22.8   33.28   37.94   32.75   50   38.18   47.8   24.04   20.24   38.07   43.1   33.95   14.42   17.08   4.12   14.31   8.94   38.2   49.49   57.21   70.8   60.41   49.33   40.7   31.9   39.81   60.6   27.29   24.18   26.92   30.36   36.4   40.22   52   46.4   39.81   48.79   27.45   18.02   14.21   4.47   16.12   8.24   32.55   16.15   48.27   5.09   2.82   4.47   9.21   6.4   7.28   5.09   1.41   6   2.82   
42.42   56.85   32.31   64.03   52.2   26.92   32.01   47.43   38.32   74.33   60.41   61.84   54.08   32.01   11.18   25   15.81   25   38.07   55.9   72.11   42.72   40.31   50   67.08   61.84   47.16   46.09   48.16   69.64   65.19   53.71   70.68   67.17   78.1   83.45   55.08   21.21   0   55.44   40.31   37.05   20.24   18.11   10.81   33.01   43.1   51.08   47.67   63   59.39   68.88   43.9   41.23   57.27   60.72   48.5   27.89   37.44   24.83   31.38   20.24   56.3   67.67   72.69   91.83   80.99   62   61.29   52.8   60.2   81.68   43.41   40.8   41.77   44.4   57.48   61.22   73.1   67.47   60.2   70   43.17   33.24   26.68   20.24   13.03   26.41   51.47   36.61   67.23   17.2   24.04   23.02   30.41   27.58   27.8   25.61   21.26   25.8   18.38   
33.97   41.59   25.49   33.37   9.43   48.46   39.35   55.17   58.83   48.25   56.6   66.4   25.07   32.69   45.04   30.8   50.63   57.87   48.82   65.79   55.08   17   15.13   8.6   23.53   9.43   23.43   37.53   31.4   30.26   52   49.4   62.24   40.6   43.28   53.08   75.28   40.79   55.44   0   23.85   18.68   36   38.07   49.04   59.93   68.26   68.11   61.71   77.79   37.33   47.29   45.27   29.83   17.26   11.4   7   28   27.78   40.8   48.3   49.47   58.41   65.86   79.05   65.03   61.98   9.89   27.29   41.88   49.64   56.08   13.6   16.76   14.03   11.04   31.95   31.78   40.01   36.12   25.31   42.29   57   52.35   52.55   45.12   56.32   32.55   52.49   41.04   62.17   45.54   39.29   43.68   37.16   37   40.85   36.13   41.97   42.37   42.42   
11.18   24.02   9.43   25   15.81   25.49   15.81   32.01   34.98   38.07   36.4   44.72   14.14   10   29.15   22.36   30.41   35.35   25   43.01   40.31   7.07   15.81   25   26.92   25.49   7.07   15.81   12.04   29.41   35   28.46   44.28   29.96   39.05   46.14   51.66   20.61   40.31   23.85   0   18.11   20.61   27.8   31.01   36.4   44.41   44.55   38.18   54.81   23.08   34.2   22.2   6.7   17.46   23.08   18.38   15.26   4.12   19.02   24.69   28.01   36.67   45.88   57.69   56.46   48.83   33.6   21.26   22.2   31.14   46.23   11.4   8.94   13.41   16.64   19.23   22.2   34.2   28.6   20   32.64   33.3   28.63   29.61   24.18   36.67   13.89   30.41   17.2   42.95   25.7   18.24   22.02   14.14   15.03   18.11   15.52   21.37   20.02   23.08   
28.86   42.01   12.2   40.16   18.38   35.46   28.6   48.3   48.16   54.57   54.34   62.03   29.12   21.63   27.16   12.16   34.53   43.56   39.66   59.48   58.07   13.34   4.24   13.15   36.23   26.41   23.19   33.73   30.01   41.34   53.03   46.32   62.39   46.32   53.22   61.68   66.4   25.55   37.05   18.68   18.11   0   18.68   19.41   31.78   47.5   57.28   59.64   53.53   70.83   40.31   51.47   39   24.51   26.62   26.4   12.08   11.18   19.92   27.01   36.79   34.48   54.08   63.78   75.02   72.8   66.37   25.07   34.92   40.31   49.25   62.81   10.29   10.19   7.21   8.06   35.69   37.64   48.84   43.65   33.1   48.76   48.25   41.03   39.2   30.01   39.56   17.8   47.75   32.24   61   29.54   25   29.41   25.61   24.04   28.28   22.02   26.92   29.06   26.4   
25.49   40.71   12.08   45.27   32.01   20.12   18.02   38.2   34.01   57.14   48.37   53.15   34.71   14.31   9.21   9.21   16.12   26.17   28.28   48.83   57   22.47   21.09   31.78   47.01   41.77   27.65   30.08   30.23   50   50.59   40.6   58.05   49.4   59.41   65.8   52.8   8.94   20.24   36   20.61   18.68   0   9.05   13.15   31.62   42.19   46.81   41.48   58.82   41.88   52.35   31.14   23.02   37.12   40.52   29   8   18.43   12.36   23.08   16.97   46   57.07   65.62   75.29   65.92   43.56   41.86   37.33   45.88   65   23.34   20.61   22.02   25.01   39.05   42.44   54.48   48.83   40.6   52.2   36.13   26.92   23.02   12.8   20.88   7.21   40.04   23.08   55.44   11.4   10.19   13.41   15.13   12.04   15.13   9.05   10.29   14.56   8.48   
34.17   49.39   18.43   52.8   36.23   28.16   27.07   47.09   42.05   65.36   57.42   62.07   41.86   23.08   10.63   7.28   21.4   32.44   37.12   57.55   65.78   27.8   23.08   32.06   52.8   45.31   34.82   38.89   38.47   56.58   59.48   49.64   67.08   57.45   66.84   73.78   60.74   17.26   18.11   38.07   27.8   19.41   9.05   0   16.27   38.91   49.65   55.08   50   67.18   50.11   60.83   40.19   31.3   42.8   44.72   31.32   12.72   26.41   21.09   31.57   23.7   55   66.12   74.43   83.64   74.67   44.04   48.83   46.17   54.81   73.35   27.29   25.23   25.07   27.2   46.87   50   62   56.4   47.38   60.2   44.72   35.17   30.46   20.24   24.2   15.81   49.09   32.14   64.49   17.88   19.02   21.58   24.18   21.09   24.02   18.11   18.43   23.19   15.81   
31.89   46.09   24.18   53.82   44.4   16.49   21.26   37.1   29.01   63.65   49.76   51.78   44.29   21.95   5.65   21.02   6.08   17.08   27.51   46.17   61.29   34.52   34.23   44.91   57.93   54.33   37.57   35.38   37.8   59.94   54.37   42.94   60   56.63   67.8   72.83   46.87   10.81   10.81   49.04   31.01   31.78   13.15   16.27   0   24.51   35.17   42.1   38.05   54.23   48.83   58.13   33.12   31.06   48.38   52.77   42.04   21.09   27.73   14.14   20.88   10.04   45.88   57.28   63.12   81.05   70.17   56.71   51.47   42.01   49.39   70.93   36.05   33.13   35.01   38.11   47.2   51.03   62.8   57.2   50.53   59.46   33.24   23.19   17   9.43   8.06   17.46   40.85   25.8   56.64   6.4   13.6   12.2   19.84   17.2   17.02   15.65   10.63   15   8.06   
29.15   36.68   35.8   49.49   52.2   12.04   20.61   18.43   6.4   53.71   32.55   30.41   44.1   27.29   29.41   40.8   18.43   8.06   14.14   23.76   47.43   42.95   48.01   59.07   59.07   61.68   39.81   29.06   35.01   58.13   40.49   28.65   42.44   49.04   61.4   63.07   22.36   22.8   33.01   59.93   36.4   47.5   31.62   38.91   24.51   0   10.77   18.11   15.65   30   41.97   47.42   21.58   31.78   51.78   58.94   53.71   36.76   32.31   20.51   11.7   15.23   26.9   37.44   40.02   68.24   55.44   69.35   50   32.28   35.84   59.16   46.52   43.41   47.16   50.77   43.18   47.26   56.75   51.97   50   51.54   12.72   8.06   8.6   18.86   20.09   29.73   24.41   20.22   38.28   21.02   22.62   18.43   22.82   23.6   19.41   25.49   21.4   18.43   23.32   
35.46   39.01   45.27   53.08   59.94   22.2   29.2   18.11   9.43   54.34   30.46   24.75   49.72   36.23   40.16   51.31   29.12   18.24   19.69   17.69   46.23   51.31   57.38   68.24   64.32   68.94   46.61   33.95   40.52   62.28   39.84   29.27   39.11   51.15   63.38   63.32   12   33.28   43.1   68.26   44.41   57.28   42.19   49.65   35.17   10.77   0   10   11.7   20.39   45.01   48.05   25.49   38.91   58.18   65.92   62.42   46.86   40.49   30.61   20.51   26   24.16   32.64   31.78   66.64   53.23   77.93   54.74   35.01   35.9   58.52   55.21   52.2   56.22   59.81   47.38   51.24   59.13   55   55.1   53.33   13.03   16.27   19.23   29.52   30.06   39.69   24.33   27.29   34.66   31.78   32.8   28.84   31.89   33.24   29   35.46   31.9   28.42   34   
34.2   33.73   47.43   48.27   59.2   26.92   31.06   13.41   13.15   47.16   22.36   15   46.95   38.01   46.52   55.54   36.05   26.17   20   8.06   38.07   51.62   59.03   69.35   60.74   67.41   45.22   31.38   38.07   57.72   32.24   23.34   29.96   45.17   57   55.73   7.21   37.94   51.08   68.11   44.55   59.64   46.81   55.08   42.1   18.11   10   0   6.4   12.16   40.02   41.04   23.02   38.28   55.94   64.14   62.93   50.11   41.03   34.53   23.76   32.24   16.12   23.02   22.13   57.93   44.38   77.98   50.92   30.36   29   50.44   55.86   53.07   57.38   60.87   43.32   46.84   53.15   49.64   51.62   47.04   11.4   19.92   25.17   34.92   38.2   42.94   18.43   27.65   25.49   37.65   36.76   33.52   34.13   36.23   32.2   38.91   36.68   32.31   39.29   
27.8   28.16   41.34   42.57   52.8   22.09   25.05   7.28   9.48   42.75   18.78   14.76   40.71   31.9   42.04   49.97   32.14   23.4   13.89   8.24   34.53   45.25   52.8   63.03   54.7   61.05   38.83   25.05   31.76   51.97   28.16   18   27.8   40   52.08   51.66   13.6   32.75   47.67   61.71   38.18   53.53   41.48   50   38.05   15.65   11.7   6.4   0   17.46   34.36   36.49   16.64   31.89   49.64   57.8   56.56   44.28   34.71   29.12   18.43   28.01   12.52   22.02   25.07   55   41.67   71.58   44.92   24.51   24.33   46.81   49.51   46.75   51.08   54.56   37.36   41   48   44.18   45.54   42.04   5.38   15.03   21.09   30.14   35.17   37.16   13   21.4   23.43   33.06   31.32   28.44   28.17   30.46   26.57   33.24   31.57   26.92   34.36   
43.93   39.82   58.66   54.12   68.59   39.05   42.48   22.8   25.31   49.64   25.29   14.31   55   49.24   58.69   67.41   48.16   38.01   31.3   12.04   39.11   61.84   69.89   79.81   67.6   76.05   54.45   40.31   46.75   63.56   34.92   29.68   29.01   49.64   60.41   57.07   8.94   50   63   77.79   54.81   70.83   58.82   67.18   54.23   30   20.39   12.16   17.46   0   46.06   44.14   32.64   48.27   64.2   72.62   73.1   61.74   51.61   46.48   35.73   44.4   20.59   21.02   12.72   56.71   43.28   87.69   57.8   37.44   33.24   51   66.21   63.6   68   71.4   50.24   53.23   57.28   54.78   58.83   50.96   22.84   32.01   37.33   47.07   50.03   54.62   25.61   38.58   25.01   49.81   48.7   45.6   45.61   47.92   44.01   50.69   48.76   44.27   51.41   
16.97   6.32   32.31   8.24   28.16   36.23   27.8   27.16   37.21   15.26   21.4   32.44   12.36   27.8   48.91   45.31   45.8   45.31   27.89   34.53   18.11   27.07   37.05   42.75   21.63   32.44   17.11   13.89   11.66   17.72   14.76   16.76   25.05   7.81   19.69   24.08   46.84   38.18   59.39   37.33   23.08   40.31   41.88   50.11   48.83   41.97   45.01   40.02   34.36   46.06   0   11.18   20.39   18.86   20.59   28.84   35.51   38.07   23.7   34.71   32.69   41.88   25.49   29.73   43.86   33.54   26.07   46.51   12.04   10   13.45   23.25   31   30.14   34.01   36.05   5.38   7.21   14.86   10.04   13.45   10.63   32   34.48   39.39   39.82   51.86   34.66   21.58   24.18   25.61   42.52   35.35   37.01   29   31.82   32.01   34.05   38.2   34.2   41.01   
26.92   12.04   43.32   14.31   38.47   44.04   36.87   30.08   41.78   6.32   19.1   29.83   23.02   38.07   58.82   56.3   54.45   52.15   34.13   34.05   8.06   38.2   48.16   53.33   28.01   41.23   28.28   22.8   22.47   21.93   9.21   18.97   17.8   7.21   16.27   15.65   47.04   47.8   68.88   47.29   34.2   51.47   52.35   60.83   58.13   47.42   48.05   41.04   36.49   44.14   11.18   0   26.62   29.54   30.08   37.69   46.17   49.04   34.53   44.04   40   50.24   25   24.59   38.94   23.02   15   55.97   20.24   16.27   12.16   12.8   42.04   41.3   45.09   47   16   15.52   13.41   12.8   22.13   7.21   35.73   40.81   46.61   48.83   60.2   45.17   23.76   32.52   20.12   51.73   45   46.01   38.6   41.61   41.1   44.1   47.63   43.18   50.6   
11.31   15.23   27.2   28.07   36.23   17.69   13.15   9.89   17   32.75   17.26   23.08   24.35   18.24   35.11   38.11   28.6   25.55   7.61   20.8   28.42   29.2   37.58   47.2   38.83   44.41   22.2   8.54   15.23   37.01   21.4   9.84   27.2   27.51   39.84   42.19   30.23   24.04   43.9   45.27   22.2   39   31.14   40.19   33.12   21.58   25.49   23.02   16.64   32.64   20.39   26.62   0   15.62   33.1   41.18   40.45   31.4   19.23   19.92   13.45   24.2   15.29   26   36.05   48.79   37.2   55.17   29.27   10.77   16.4   39.05   33.6   31.06   35.51   38.83   22.02   26   35.17   30.41   29.61   30.08   12.64   14.31   20   23.7   33.97   25.01   9.05   8.06   24.33   26.83   21.58   21.02   16.03   19.1   16.76   22.09   23.4   18.38   26.57   
4.47   18.43   14.14   22.8   21.09   22.02   12.04   25.49   29.54   34.13   29.83   38.01   13.6   9.21   30.41   26.92   29.15   32.01   19.23   36.4   34.92   13.6   22.47   31.62   28.28   30.08   8.06   9.21   7.21   29.15   29.15   21.84   38.05   26.4   36.87   42.8   45.45   20.24   41.23   29.83   6.7   24.51   23.02   31.3   31.06   31.78   38.91   38.28   31.89   48.27   18.86   29.54   15.62   0   20.09   27.2   24.83   19.64   5.09   17.46   20.22   25.96   29.96   39.29   50.99   52.35   43.68   39.69   20.61   16   25   42.05   18.02   15.65   20.12   23.32   16.27   20   31.89   26.24   19.92   29.2   27.2   23.76   26   22.84   35.46   15.81   23.7   11.7   36.49   25.05   17.49   20.24   11.7   13.89   15.52   15.62   20.59   17.72   23.02   
22.8   25.61   25.05   16.12   9.21   42.01   32.01   42.54   49.04   31.06   41.1   51.62   9.21   27.29   46.09   36.12   47.85   52   38.6   52.2   37.94   15   22.47   24.08   10   12.04   12.04   24.59   17.88   14.76   35.35   34.71   45.65   23.34   27.2   36.49   63.13   38.07   57.27   17.26   17.46   26.62   37.12   42.8   48.38   51.78   58.18   55.94   49.64   64.2   20.59   30.08   33.1   20.09   0   8.48   17.46   30.23   21.21   36.34   40.31   45.27   43.93   50   63.78   48.25   44.72   26   10.04   26.9   33.6   39   16.4   17.69   19.41   19.69   15.26   14.56   23.34   19   8.06   25.07   45.69   43.73   46.04   41.59   54.12   31.01   38.6   31.57   46.04   43.17   35.69   39.31   31.06   32.38   35.05   32.98   38.83   37.12   40.52   
30.46   34.05   28.63   23.4   8.54   48.5   38.63   50.77   56.64   37.85   49.57   60.1   17.69   33.06   49.72   37.58   53.08   58.42   46.23   60.6   45.69   18.24   22.2   19.69   12.16   3.6   19.31   32.75   26.07   19.02   43.56   43.18   53.85   30.67   32.06   42   71.34   43.1   60.72   11.4   23.08   26.4   40.52   44.72   52.77   58.94   65.92   64.14   57.8   72.62   28.84   37.69   41.18   27.2   8.48   0   14.86   32.89   27.16   42.01   47.29   51   52.4   58.41   72.24   54   51.92   18.43   17.46   35.38   42.01   45.39   17.46   19.92   19.72   18.43   23.6   22.36   29.06   25.7   15.65   32.01   53.66   50.96   52.61   47.01   59.21   35.35   47.01   38.89   54.4   48.16   41.01   45.01   37.21   38.01   41.19   38.05   44.04   43.1   45.27   
29.2   38.89   18.68   33.06   8.24   42.04   33.28   50.32   53   48.04   53.22   62.43   23.19   26.41   38.05   24.04   43.73   51.26   43.27   61.22   53.6   11.31   8.24   7.28   25.94   14.42   19.69   33.28   27.73   31.95   49.72   45.65   59.77   40   44.64   53.93   70.03   33.95   48.5   7   18.38   12.08   29   31.32   42.04   53.71   62.42   62.93   56.56   73.1   35.51   46.17   40.45   24.83   17.46   14.86   0   21   22.02   34.17   42.19   42.72   54.37   62.64   75.29   65.62   61.13   15.65   27.16   38.48   46.81   56.14   7.21   10.29   7.07   4.12   30.26   31   40.79   36.22   25.17   42.04   51.66   46.32   46.09   38.32   49.36   25.7   48.25   35.46   59.23   38.63   32.57   37   30.88   30.46   34.43   29.41   35.17   35.84   35.51   
23.19   38.07   5.83   40.22   24.35   24.75   19.31   39.84   38.01   53.22   48.04   54.34   29.2   13.15   17.11   7.28   23.4   32.44   30.46   50.92   54.57   15.26   13.15   24.04   40.22   33.95   22.2   28.16   26.57   43.86   48.66   40.01   57.07   45.17   54.2   61.4   56.6   14.42   27.89   28   15.26   11.18   8   12.72   21.09   36.76   46.86   50.11   44.28   61.74   38.07   49.04   31.4   19.64   30.23   32.89   21   0   14.56   16.27   26.62   23.32   46.69   57.21   67.18   71.58   63.32   35.69   36.12   35.35   44.28   61.32   15.52   13   14.03   17.02   34.48   37.44   49.4   43.82   34.65   47.88   38.91   30.8   28.31   18.86   28.63   7.21   40.44   23.76   55   18.38   14.14   18.43   16.15   13.89   18.02   11.4   15.81   18.43   15.23   
9.05   23.53   9.05   26.87   19.92   21.37   11.7   28.84   31.06   38.94   34.52   42.15   16.64   6.08   26.4   21.84   26.68   31.25   21.26   39.96   40.02   10.81   18.35   28.31   30.36   29.61   9.84   14.03   12.08   32.24   34.23   26.47   43.01   31.06   41.01   47.43   48.08   17.08   37.44   27.78   4.12   19.92   18.43   26.41   27.73   32.31   40.49   41.03   34.71   51.61   23.7   34.53   19.23   5.09   21.21   27.16   22.02   14.56   0   15.13   20.61   24.08   34.17   43.93   55.15   57.24   48.76   37.44   23.85   21.02   30.01   46.95   14.86   12.04   16.4   19.84   20.61   24.04   36.06   30.41   22.82   33.83   29.69   24.59   25.49   20.39   32.98   11.31   27.85   13.45   41.3   22.13   14.56   18.11   10.04   11.18   14.03   12.08   17.72   16   19.69   
17.8   32.01   15.65   39.96   34.23   8.48   7.21   26.01   21.95   49.51   37.1   41.01   31.01   9.05   15.23   21.02   11.7   17.08   16.03   36.49   47.5   24.33   27.78   38.94   45.35   44.18   24.73   21.26   23.85   46.61   40.7   29.73   47.12   42.52   53.82   58.69   40.7   4.12   24.83   40.8   19.02   27.01   12.36   21.09   14.14   20.51   30.61   34.53   29.12   46.48   34.71   44.04   19.92   17.46   36.34   42.01   34.17   16.27   15.13   0   10.77   9   34.13   45.39   53.33   67   56.43   49.76   38.07   28.01   35.77   56.85   27.2   24.04   27.31   30.87   33.28   37.21   48.82   43.26   37.33   45.34   23.76   14.76   12.2   5.38   18.02   9.21   28.44   12.08   44.14   7.81   2.23   3   5.83   4   3.16   5   3.6   2.23   6.7   
18.02   28.3   24.75   39.56   40.49   4.47   8.94   16.27   11.4   46.04   29.06   31.14   33.01   15.81   24.08   31.78   15.65   12.64   6.7   26.07   41.77   31.3   36.87   47.8   48.01   50   28.28   18.97   24.18   47.67   34.71   22.8   39.35   40.24   52.39   55.47   30.01   14.31   31.38   48.3   24.69   36.79   23.08   31.57   20.88   11.7   20.51   23.76   18.43   35.73   32.69   40   13.45   20.22   40.31   47.29   42.19   26.62   20.61   10.77   0   11.18   25   36.4   43.04   62.24   50.44   57.8   39.31   23.85   29.73   52.49   34.98   31.9   35.8   39.4   32.98   37.1   47.53   42.37   39.11   42.94   13.15   4.24   6.7   12.04   20.61   19.41   20.12   9.05   35.84   15.13   13   10.04   11.4   12.8   8.6   15.26   13.15   8.54   16.03   
25.49   38.28   24.04   47.85   43.18   6.7   14.31   27.2   19.1   56.08   40.24   41.77   39.56   18.02   14.31   26.17   4.47   9.21   17.88   36.12   52.63   33.24   35.84   47.01   54.12   53.15   33.54   28.01   31.78   55.02   45.6   33.83   50.53   49.64   61.4   65.43   37.36   8.94   20.24   49.47   28.01   34.48   16.97   23.7   10.04   15.23   26   32.24   28.01   44.4   41.88   50.24   24.2   25.96   45.27   51   42.72   23.32   24.08   9   11.18   0   36.05   47.43   53.08   72.86   61.4   58.18   46.48   33.97   40.6   62.93   35.9   32.75   35.73   39.21   41.14   45.18   56.43   51   45.88   52.43   23.19   13.15   7.07   4.47   10   17.08   31.3   17.8   47.01   5.83   10.19   6   14.31   13   10.44   13.34   7.61   8.24   8.48   
25.49   19.23   42.44   33.61   49.04   29.41   28.01   8.94   20.51   31.06   6.32   8.06   34.71   33.54   48.83   53.33   40.49   33.83   18.43   9.21   22.13   43.41   52.39   61.4   47.01   55.9   35   21.09   27.01   43.08   16.12   9.21   15.55   29.61   41.1   39.62   22.09   38.2   56.3   58.41   36.67   54.08   46   55   45.88   26.9   24.16   16.12   12.52   20.59   25.49   25   15.29   29.96   43.93   52.4   54.37   46.69   34.17   34.13   25   36.05   0   11.4   21.02   42.48   29.15   68.24   37.21   17.02   13.15   34.48   47.88   45.61   50.08   53.23   29.68   32.64   37.48   34.48   38.27   31.25   14.21   23.25   29.96   36.87   44.72   40.19   6.32   23.08   11.4   40.02   36.05   34.52   31.06   34.01   31.06   37.01   37.33   32.24   40.44   
34.92   24.41   52.61   36.87   56.43   40.8   39.05   20.24   31.06   29.41   9.48   8.06   41.04   44.1   60.2   64.07   51.86   44.77   29.83   15   18.43   52.2   61.68   69.85   50.99   62   42.95   30.08   34.92   45.8   15.81   17.46   8   31.06   40.49   36.22   26.57   49.49   67.67   65.86   45.88   63.78   57.07   66.12   57.28   37.44   32.64   23.02   22.02   21.02   29.73   24.59   26   39.29   50   58.41   62.64   57.21   43.93   45.39   36.4   47.43   11.4   0   14.42   35.9   22.36   75.47   41.72   24.16   16.4   30.01   56.64   54.7   59.13   62.03   34.82   36.76   38.01   36.61   43.18   31.76   25.05   34.53   41.23   48.27   55.94   51   17.02   34.01   4.47   51.41   47.26   45.89   42.01   45.04   42.29   48.04   48.66   43.56   51.78   
46.51   38.2   63.24   51.22   69.63   47   48.05   27.45   34.36   43.46   22.67   13   54.67   54.12   67   73.54   57.21   48.05   37.33   17   32.31   64.41   73.4   82.36   65.29   75.82   55.75   42.05   47.7   60.21   30.23   29.68   21.54   45.48   54.62   49.47   21.4   57.21   72.69   79.05   57.69   75.02   65.62   74.43   63.12   40.02   31.78   22.13   25.07   12.72   43.86   38.94   36.05   50.99   63.78   72.24   75.29   67.18   55.15   53.33   43.04   53.08   21.02   14.42   0   47   34.23   88.81   55.9   37.2   30.41   42.95   68.88   66.64   71.11   74.24   48.79   50.99   52.35   51.03   57.28   46.14   30   40.01   46.17   55   60.01   60.41   27.31   43.41   18.86   58   55.44   53.08   51.19   53.93   50.48   56.88   56.14   51.24   59.07   
49.92   35   65.79   32.75   57.42   66.46   59.81   49.92   62.12   18.38   36.23   43.68   43.68   61.05   81.84   78.79   77.15   73.87   55.97   49.97   20.8   59.48   69.12   72.33   42.1   57.07   49.97   45.8   45.17   35.05   27.8   39.82   28.16   26.57   22.2   12.04   62.36   70.8   91.83   65.03   56.46   72.8   75.29   83.64   81.05   68.24   66.64   57.93   55   56.71   33.54   23.02   48.79   52.35   48.25   54   65.62   71.58   57.24   67   62.24   72.86   42.48   35.9   47   0   13.6   72.17   38.47   39.05   32.64   10.29   62.81   62.64   65.96   67.26   37.33   35.17   25.01   29.42   40.44   24.04   55.75   62.48   68.68   71.7   82.73   68.09   43.82   55.31   32.57   74.65   68   68.88   61.61   64.63   64.03   67.11   70.6   66.06   73.6   
40.49   25.29   57.72   28.63   53.33   54.81   49.24   37.01   49.2   14.31   23.02   30.08   38.01   51.62   71.58   70.6   65.8   61.52   43.93   36.4   8.94   53.15   63.12   68.26   41.23   55.36   43.18   35.84   36.87   34.43   15.81   27.65   14.56   21.37   24.08   16.12   48.76   60.41   80.99   61.98   48.83   66.37   65.92   74.67   70.17   55.44   53.23   44.38   41.67   43.28   26.07   15   37.2   43.68   44.72   51.92   61.13   63.32   48.76   56.43   50.44   61.4   29.15   22.36   34.23   13.6   0   70.34   34.71   28.63   20.8   9.43   57.03   56.22   60.07   62   31   30.26   24.18   26.24   36.67   19.92   42.8   50.2   56.63   60.74   71.06   58.87   31.14   44.41   18.97   63.81   57.7   57.98   51.42   54.56   53.33   57.27   60.03   55.22   63.13   
43.86   51.1   34.17   41.76   19.2   57.69   48.87   65.06   68.5   56.29   66.28   76.21   34.48   42.05   52.23   37   58.94   66.85   58.6   75.69   63.9   26.62   22.56   12   30.06   15.13   33.3   47.42   41.23   37.12   61.26   59.2   71.55   49.04   50.03   60.13   85.14   49.33   62   9.89   33.6   25.07   43.56   44.04   56.71   69.35   77.93   77.98   71.58   87.69   46.51   55.97   55.17   39.69   26   18.43   15.65   35.69   37.44   49.76   57.8   58.18   68.24   75.47   88.81   72.17   70.34   0   35.73   51.61   59.16   63.78   22.82   25.94   22.47   18.97   41.14   40.49   47.38   44.14   33.83   50.44   66.84   61.91   61.74   53.75   64.32   41.1   62.36   50.8   71.69   53.85   48.1   52.55   46.52   46.09   50.08   44.94   50.59   51.47   50.69   
21.37   18.02   30.41   6.08   19.02   41.97   32.28   37.64   46.17   21.02   33.42   44.4   7.21   29.52   50.21   42.8   49.76   51.78   36.01   46.06   28.23   21.95   31.01   34.01   9.84   21.02   14.21   21.02   15.13   8.54   26.4   28.17   36.61   13.34   18.35   26.92   57.93   40.7   61.29   27.29   21.26   34.92   41.86   48.83   51.47   50   54.74   50.92   44.92   57.8   12.04   20.24   29.27   20.61   10.04   17.46   27.16   36.12   23.85   38.07   39.31   46.48   37.21   41.72   55.9   38.47   34.71   35.73   0   20.61   25.49   29.01   24.69   25.05   27.85   28.86   7.61   5   13.92   9.05   2   15.03   41.77   42.04   45.7   43.46   56.08   35   32.69   30.26   37.53   45.61   38.01   40.85   32.31   34.43   36.05   35.84   41.14   38.27   43.41   
12.16   4.47   30.06   18.11   32.44   27.8   20.8   17.26   27.29   22.2   14.76   24.75   17.69   23.08   43.04   42.57   38.18   36.23   18.38   25.55   19.69   28.16   37.85   45.69   30.46   38.89   18.78   7.28   10.77   27.45   13.34   7.81   22.09   16.76   29.12   31.62   37.33   31.9   52.8   41.88   22.2   40.31   37.33   46.17   42.01   32.28   35.01   30.36   24.51   37.44   10   16.27   10.77   16   26.9   35.38   38.48   35.35   21.02   28.01   23.85   33.97   17.02   24.16   37.2   39.05   28.63   51.61   20.61   0   9   29   32.57   30.8   35.17   37.94   13   16.49   24.51   20.02   21.47   19.31   22   25.07   30.52   32.64   43.93   30.36   12.08   16.27   20.88   35.6   29.15   29.83   22.82   25.94   25   28.63   31.62   27.01   34.66   
21.09   8.06   39.05   21.09   40.24   34.05   28.63   18.02   29.96   18.43   8.06   19.23   24.69   31.78   50.99   51.47   45   41.23   23.34   22.36   12.04   36.87   46.69   54.08   35   45.6   27.2   16.12   19.41   30.41   5   7.21   13.15   16.49   28.01   27.51   35.22   39.81   60.2   49.64   31.14   49.25   45.88   54.81   49.39   35.84   35.9   29   24.33   33.24   13.45   12.16   16.4   25   33.6   42.01   46.81   44.28   30.01   35.77   29.73   40.6   13.15   16.4   30.41   32.64   20.8   59.16   25.49   9   0   23.32   41.23   39.62   43.93   46.57   18.43   20.61   24.33   21.54   26.87   18.11   23.76   29.83   36.06   39.96   50.32   39.05   11.7   23.7   12.52   43.04   37.16   37.21   31.01   34.17   32.64   37   39.35   34.48   42.48   
39.66   24.83   55.54   23.08   48.04   56.63   49.67   41.14   53.23   8.24   28.16   37.12   33.73   50.77   71.61   68.54   67.17   64.4   46.4   42.75   12.36   49.47   59.22   63.03   33.95   48.66   39.84   35.6   34.88   26.92   18.78   30.52   22.02   16.49   15.26   6.7   55.57   60.6   81.68   56.08   46.23   62.81   65   73.35   70.93   59.16   58.52   50.44   46.81   51   23.25   12.8   39.05   42.05   39   45.39   56.14   61.32   46.95   56.85   52.49   62.93   34.48   30.01   42.95   10.29   9.43   63.78   29.01   29   23.32   0   52.95   52.63   56.08   57.55   27.2   25.31   16.49   20   31.01   14.14   46.95   53   59.03   61.61   72.86   57.8   34.88   45.27   26.01   64.53   57.8   58.79   51.4   54.4   53.9   56.85   60.44   55.97   63.41   
22.47   33.54   12.04   30.08   8.94   34.92   26.07   43.41   45.8   44.72   47.16   55.94   19.23   19.23   32.55   20.24   37.21   44.27   36.12   54.4   49.04   4.47   6.32   13.6   26.17   18.43   14.14   26.83   21.84   31.06   44.55   39.39   54.34   36.49   42.95   51.54   62.93   27.29   43.41   13.6   11.4   10.29   23.34   27.29   36.05   46.52   55.21   55.86   49.51   66.21   31   42.04   33.6   18.02   16.4   17.46   7.21   15.52   14.86   27.2   34.98   35.9   47.88   56.64   68.88   62.81   57.03   22.82   24.69   32.57   41.23   52.95   0   3.16   3.16   5.38   26.07   27.65   38.62   33.52   22.84   38.83   44.55   39.11   39   31.57   43.04   19.1   41.67   28.31   53.45   32.14   25.7   30.08   23.7   23.4   27.31   22.56   28.44   28.79   29.06   
20.12   32.14   9   30.08   11.4   31.78   23.02   40.8   42.8   44.38   45.22   53.66   18.97   16.12   29.83   18.43   34.13   41.1   33.24   51.86   48.01   3.16   7.07   16.27   27.65   21.21   13.03   24.69   20.22   32.01   43.18   37.33   52.77   36.13   43.41   51.62   60.1   24.18   40.8   16.76   8.94   10.19   20.61   25.23   33.13   43.41   52.2   53.07   46.75   63.6   30.14   41.3   31.06   15.65   17.69   19.92   10.29   13   12.04   24.04   31.9   32.75   45.61   54.7   66.64   62.64   56.22   25.94   25.05   30.8   39.62   52.63   3.16   0   4.47   7.81   25.49   27.51   38.91   33.61   23.32   38.6   41.72   36.05   35.84   28.44   40.01   16.03   39.35   25.45   51.66   29.06   22.56   26.92   20.59   20.24   24.16   19.41   25.31   25.63   26.01   
24.59   36.34   11.7   33.24   11.4   35.35   27.01   45.22   46.86   47.85   49.64   58.13   22.36   20   31.14   17.88   36.67   44.38   37.48   56.3   52   7.07   3.16   12.04   29.06   20.24   17.02   29.15   24.51   34.13   47.38   41.78   57.07   39.62   46.09   54.7   64.38   26.92   41.77   14.03   13.41   7.21   22.02   25.07   35.01   47.16   56.22   57.38   51.08   68   34.01   45.09   35.51   20.12   19.41   19.72   7.07   14.03   16.4   27.31   35.8   35.73   50.08   59.13   71.11   65.96   60.07   22.47   27.85   35.17   43.93   56.08   3.16   4.47   0   3.6   29.15   30.8   41.78   36.68   26   41.97   46.01   40   39.35   31.32   42.29   18.68   43.82   29.73   56.04   31.57   25.63   30.08   24.41   23.7   27.78   22.47   28.16   29.06   28.44   
27.78   38.83   15.23   34.52   10.81   38.94   30.61   48.6   50.44   49.36   52.55   61.29   24.02   23.6   34.01   19.92   40.02   47.92   41.01   59.64   54.14   9.84   4.12   8.48   28.84   18.35   19.41   32.2   27.2   34.43   49.81   44.77   59.66   41.19   46.81   55.78   67.89   30.36   44.4   11.04   16.64   8.06   25.01   27.2   38.11   50.77   59.81   60.87   54.56   71.4   36.05   47   38.83   23.32   19.69   18.43   4.12   17.02   19.84   30.87   39.4   39.21   53.23   62.03   74.24   67.26   62   18.97   28.86   37.94   46.57   57.55   5.38   7.81   3.6   0   31   32.24   42.72   37.85   26.92   43.41   49.51   43.6   42.94   34.78   45.54   22.13   47.01   33.24   58.82   34.92   29.15   33.61   28.01   27.29   31.38   26   31.62   32.64   31.78   
15.65   10.63   28.65   6.7   22.8   36.05   26.83   30.08   39.01   18.97   26.17   37.01   7.07   25.49   46.69   41.59   44.77   45.6   29.06   38.47   23.34   22.36   32.24   37.48   17.46   27.2   12.64   14.14   9.43   15   20.12   20.59   30.41   10.77   20.61   26.92   50.32   36.4   57.48   31.95   19.23   35.69   39.05   46.87   47.2   43.18   47.38   43.32   37.36   50.24   5.38   16   22.02   16.27   15.26   23.6   30.26   34.48   20.61   33.28   32.98   41.14   29.68   34.82   48.79   37.33   31   41.14   7.61   13   18.43   27.2   26.07   25.49   29.15   31   0   4.12   15.62   10   8.6   13.41   34.36   35.35   39.56   38.58   51   31.89   25.07   24.04   30.8   41.04   33.6   35.84   27.45   30   30.88   31.89   36.61   33.12   39.2   
19.69   13.41   31.62   2.82   23.08   40.16   30.87   33.73   43   17.11   28.6   39.66   8.54   29.2   50.32   44.41   48.76   49.72   33.13   41.62   23.4   24.35   33.95   38.05   14.42   25.94   15.26   18.24   13.41   11.04   21.4   23.76   31.62   9   16.97   24.16   53.75   40.22   61.22   31.78   22.2   37.64   42.44   50   51.03   47.26   51.24   46.84   41   53.23   7.21   15.52   26   20   14.56   22.36   31   37.44   24.04   37.21   37.1   45.18   32.64   36.76   50.99   35.17   30.26   40.49   5   16.49   20.61   25.31   27.65   27.51   30.8   32.24   4.12   0   12.04   6.4   6.7   11.18   38.2   39.45   43.68   42.54   55   35.35   28.46   28.16   32.55   44.94   37.44   39.82   31.38   33.83   34.88   35.6   40.49   37.12   43.01   
31.06   20.22   43.6   9.21   32.55   50.99   42.19   41.04   51.78   10   32.01   43.01   20.24   41.1   62.28   56.3   60.2   60.16   42.72   46.69   20.61   35.77   44.94   47.38   17.46   32.24   27.2   28.63   25   10.44   22.47   30   31.06   8   5   13.15   59.53   52   73.1   40.01   34.2   48.84   54.48   62   62.8   56.75   59.13   53.15   48   57.28   14.86   13.41   35.17   31.89   23.34   29.06   40.79   49.4   36.06   48.82   47.53   56.43   37.48   38.01   52.35   25.01   24.18   47.38   13.92   24.51   24.33   16.49   38.62   38.91   41.78   42.72   15.62   12.04   0   5.65   15.81   6.32   46.27   49.33   54.23   54.08   66.37   47.38   35   38.91   33.54   56.61   49.2   51.31   43.01   45.6   46.32   47.5   52.2   48.54   54.81   
25.55   16.03   38.01   3.6   28.07   45.69   36.71   37.05   47.26   12.16   29.54   40.71   14.76   35.46   56.63   50.77   54.7   55.02   37.85   43.68   20.8   30.46   39.84   43.04   15.26   29.12   21.63   23.4   19.41   9.21   20.8   26.3   30.41   5.65   10.63   18.02   56.29   46.4   67.47   36.12   28.6   43.65   48.83   56.4   57.2   51.97   55   49.64   44.18   54.78   10.04   12.8   30.41   26.24   19   25.7   36.22   43.82   30.41   43.26   42.37   51   34.48   36.61   51.03   29.42   26.24   44.14   9.05   20.02   21.54   20   33.52   33.61   36.68   37.85   10   6.4   5.65   0   11.04   6.32   42.01   44.38   49.04   48.54   60.9   41.72   31.25   33.61   32.2   51.03   43.6   45.79   37.44   40   40.81   41.86   46.61   43.04   49.2   
21.09   19.2   29   8.06   17.02   41.59   31.78   38.27   46.38   23.02   34.71   45.6   6.32   28.63   49.09   41.23   49.04   51.47   36.12   47.01   30.08   20.24   29.15   32.01   9.21   19.23   13.03   21.21   15   9.43   28.01   29.15   38.27   15.29   20.12   28.86   58.69   39.81   60.2   25.31   20   33.1   40.6   47.38   50.53   50   55.1   51.62   45.54   58.83   13.45   22.13   29.61   19.92   8.06   15.65   25.17   34.65   22.82   37.33   39.11   45.88   38.27   43.18   57.28   40.44   36.67   33.83   2   21.47   26.87   31.01   22.84   23.32   26   26.92   8.6   6.7   15.81   11.04   0   17.02   42.2   42   45.39   42.72   55.36   33.83   33.54   30.06   39.05   44.77   37.16   40.16   31.62   33.61   35.44   34.88   40.31   37.64   42.48   
27.58   14.86   42.05   9   34   46.64   38.41   35.22   46.32   6   25.7   36.68   19.64   38.28   59.46   55   56.4   55.46   37.69   40.44   14.86   35.44   45.12   49   21.47   35.44   26   24.41   22.02   15   16.15   24.08   25   2.82   10.04   13.6   53.33   48.79   70   42.29   32.64   48.76   52.2   60.2   59.46   51.54   53.33   47.04   42.04   50.96   10.63   7.21   30.08   29.2   25.07   32.01   42.04   47.88   33.83   45.34   42.94   52.43   31.25   31.76   46.14   24.04   19.92   50.44   15.03   19.31   18.11   14.14   38.83   38.6   41.97   43.41   13.41   11.18   6.32   6.32   17.02   0   40.6   44.38   49.64   50.44   62.42   45   29.06   34.66   27.29   53.15   45.96   47.63   39.62   42.42   42.63   44.59   48.83   44.82   51.62   
23.32   26.07   36.05   40.04   48.25   17   19.72   5.83   6.4   42.05   19.84   18.68   37   26.62   37   44.59   27.45   19.72   8.6   13   34.98   40.36   47.63   58   51.41   56.82   34.48   21.18   27.85   49.25   28.17   16.76   29.73   38.32   50.63   51.26   18.38   27.45   43.17   57   33.3   48.25   36.13   44.72   33.24   12.72   13.03   11.4   5.38   22.84   32   35.73   12.64   27.2   45.69   53.66   51.66   38.91   29.69   23.76   13.15   23.19   14.21   25.05   30   55.75   42.8   66.84   41.77   22   23.76   46.95   44.55   41.72   46.01   49.51   34.36   38.2   46.27   42.01   42.2   40.6   0   10.04   16.49   25.01   31.01   31.78   12.08   16.27   25.61   28   25.96   23.19   22.82   25.07   21.18   27.85   26.3   21.58   29.15   
21.09   29.54   29   41.77   44.38   7.07   13.03   14.31   7.21   47.01   28.01   28.63   36.05   20   27.01   35.77   17.46   11.4   6.7   23.02   41.77   35.35   41.1   52   51.03   53.75   31.78   21.21   27   50.24   34.71   22.67   38.27   41.78   54.08   56.43   25.94   18.02   33.24   52.35   28.63   41.03   26.92   35.17   23.19   8.06   16.27   19.92   15.03   32.01   34.48   40.81   14.31   23.76   43.73   50.96   46.32   30.8   24.59   14.76   4.24   13.15   23.25   34.53   40.01   62.48   50.2   61.91   42.04   25.07   29.83   53   39.11   36.05   40   43.6   35.35   39.45   49.33   44.38   42   44.38   10.04   0   6.7   15.13   21.47   23.6   19.2   12.16   34.48   18.02   17   13.6   15.62   17.02   12.8   19.41   16.76   12.52   19.41   
24.33   34.98   27.78   46.17   45.35   4.12   14.03   21.02   12.04   52.69   34.66   35.17   39.2   19.92   21.37   32.2   11.04   6.08   12.72   29.27   48.08   35.73   39.96   51.1   54.14   55.1   34.01   25.63   30.59   54.12   41.01   29   44.94   46.95   59.09   62.12   30.36   14.21   26.68   52.55   29.61   39.2   23.02   30.46   17   8.6   19.23   25.17   21.09   37.33   39.39   46.61   20   26   46.04   52.61   46.09   28.31   25.49   12.2   6.7   7.07   29.96   41.23   46.17   68.68   56.63   61.74   45.7   30.52   36.06   59.03   39   35.84   39.35   42.94   39.56   43.68   54.23   49.04   45.39   49.64   16.49   6.7   0   10.29   14.76   21.4   25.8   15.52   41.18   12.64   14.21   9.89   15.52   15.65   11.7   17.2   12.8   10.29   14.76   
23.02   36.79   19.64   45.27   39.05   8.06   12.04   28.28   21.84   54.45   40.49   43.18   36.4   14.31   12.04   22.02   6.32   13.6   18.43   38.01   51.86   29.06   31.38   42.54   50.69   49.04   30.08   26.17   29.15   52   44.94   33.54   50.69   47.63   59.07   63.7   40.49   4.47   20.24   45.12   24.18   30.01   12.8   20.24   9.43   18.86   29.52   34.92   30.14   47.07   39.82   48.83   23.7   22.84   41.59   47.01   38.32   18.86   20.39   5.38   12.04   4.47   36.87   48.27   55   71.7   60.74   53.75   43.46   32.64   39.96   61.61   31.57   28.44   31.32   34.78   38.58   42.54   54.08   48.54   42.72   50.44   25.01   15.13   10.29   0   12.64   12.64   31.62   16.4   47.43   3.16   6   2.82   11.18   9.21   7.81   9.05   3.16   5.65   4.47   
35.35   48.27   31.01   57.7   51.03   16.27   24.18   35.77   25.7   66.06   49.39   49.64   49.04   26.92   13.6   29.06   6.32   12.04   27.2   43.41   62.36   41.04   41.77   52.63   63.32   61.03   42.72   38.01   41.59   64.62   55.31   43.41   59.68   59.64   71.34   75.43   42.04   16.12   13.03   56.32   36.67   39.56   20.88   24.2   8.06   20.09   30.06   38.2   35.17   50.03   51.86   60.2   33.97   35.46   54.12   59.21   49.36   28.63   32.98   18.02   20.61   10   44.72   55.94   60.01   82.73   71.06   64.32   56.08   43.93   50.32   72.86   43.04   40.01   42.29   45.54   51   55   66.37   60.9   55.36   62.42   31.01   21.47   14.76   12.64   0   24   40.49   27.8   55.94   11.04   18.43   15.23   23.76   21.84   20.12   21.21   15.29   17.88   14   
18.38   33.61   7.07   38.18   27.07   17.69   12.36   32.98   30.8   49.92   42.04   47.67   27.8   7.28   15.26   13.15   18.11   25.94   23.4   43.96   49.97   17.11   18.78   29.96   40.71   37.05   20.8   23.08   23.02   43.26   43.68   34.13   51.47   42.2   52.32   58.6   49.39   8.24   26.41   32.55   13.89   17.8   7.21   15.81   17.46   29.73   39.69   42.94   37.16   54.62   34.66   45.17   25.01   15.81   31.01   35.35   25.7   7.21   11.31   9.21   19.41   17.08   40.19   51   60.41   68.09   58.87   41.1   35   30.36   39.05   57.8   19.1   16.03   18.68   22.13   31.89   35.35   47.38   41.72   33.83   45   31.78   23.6   21.4   12.64   24   0   34.05   17.11   49.09   13.03   7.21   11.66   9.21   6.7   10.81   4.24   9.48   11.31   10   
19.23   15.29   36.13   29.83   43.18   24.59   22.02   6.32   18.35   30.08   8.94   14.31   29.41   27.29   43.41   47.16   35.77   30.41   13.41   13.6   23.02   37.21   46.09   55.22   42.54   50.44   29.06   15   21.21   39.29   16.12   5   19.23   27   39.11   39.21   25.29   32.55   51.47   52.49   30.41   47.75   40.04   49.09   40.85   24.41   24.33   18.43   13   25.61   21.58   23.76   9.05   23.7   38.6   47.01   48.25   40.44   27.85   28.44   20.12   31.3   6.32   17.02   27.31   43.82   31.14   62.36   32.69   12.08   11.7   34.88   41.67   39.35   43.82   47.01   25.07   28.46   35   31.25   33.54   29.06   12.08   19.2   25.8   31.62   40.49   34.05   0   17   15.81   34.78   30.26   29.12   25   28.01   25.31   31.01   31.78   26.68   34.92   
9   20.51   20.12   30.67   32.64   12.08   5.09   16.15   17.88   38.28   25.31   30.59   24   10.77   27.31   30.26   21.93   21.58   7.81   27.31   35.51   24.2   31.4   41.72   39   41.78   19.64   10.29   15.13   38.63   28.65   17.72   35.17   31.9   43.82   47.63   34.65   16.15   36.61   41.04   17.2   32.24   23.08   32.14   25.8   20.22   27.29   27.65   21.4   38.58   24.18   32.52   8.06   11.7   31.57   38.89   35.46   23.76   13.45   12.08   9.05   17.8   23.08   34.01   43.41   55.31   44.41   50.8   30.26   16.27   23.7   45.27   28.31   25.45   29.73   33.24   24.04   28.16   38.91   33.61   30.06   34.66   16.27   12.16   15.52   16.4   27.8   17.11   17   0   32.38   19.41   13.6   13.6   8   11.04   8.94   14.03   15.65   10.81   18.78   
32.24   20.59   50.15   32.55   52.77   40.31   37.48   20.24   31.89   25   7.07   11.18   37.21   42.01   59.2   62   51.47   45.22   29.15   17.46   14.14   49.04   58.69   66.48   46.69   58   39.56   27.29   31.62   41.4   11.4   15   4.47   26.62   36.05   32.06   29.83   48.27   67.23   62.17   42.95   61   55.44   64.49   56.64   38.28   34.66   25.49   23.43   25.01   25.61   20.12   24.33   36.49   46.04   54.4   59.23   55   41.3   44.14   35.84   47.01   11.4   4.47   18.86   32.57   18.97   71.69   37.53   20.88   12.52   26.01   53.45   51.66   56.04   58.82   30.8   32.55   33.54   32.2   39.05   27.29   25.61   34.48   41.18   47.43   55.94   49.09   15.81   32.38   0   50.59   45.89   44.92   40.31   43.41   41   46.38   47.53   42.44   50.69   
25.61   39.69   20.09   47.7   40.01   11   14.86   31.4   24.51   57.28   43.65   46.27   38.48   16.15   9   20.51   5.09   14.86   21.58   41   54.91   30.01   31.32   42.37   52.49   50   31.95   29   31.62   54.12   48.02   36.67   53.85   50.32   61.61   66.48   43.01   5.09   17.2   45.54   25.7   29.54   11.4   17.88   6.4   21.02   31.78   37.65   33.06   49.81   42.52   51.73   26.83   25.05   43.17   48.16   38.63   18.38   22.13   7.81   15.13   5.83   40.02   51.41   58   74.65   63.81   53.85   45.61   35.6   43.04   64.53   32.14   29.06   31.57   34.92   41.04   44.94   56.61   51.03   44.77   53.15   28   18.02   12.64   3.16   11.04   13.03   34.78   19.41   50.59   0   7.61   5.83   13.6   11.18   10.63   10.19   4.47   8.6   3.16   
18.38   33.01   13.92   40.22   33.06   10.63   8.54   28.07   24.18   50.32   38.83   43.04   30.87   8.54   13.89   18.78   12.16   18.78   18.11   38.63   48.76   23.08   25.94   37.12   44.92   43.04   24.35   22.2   24.2   46.51   42.04   31.32   48.76   43.13   54.2   59.41   42.94   2.82   24.04   39.29   18.24   25   10.19   19.02   13.6   22.62   32.8   36.76   31.32   48.7   35.35   45   21.58   17.49   35.69   41.01   32.57   14.14   14.56   2.23   13   10.19   36.05   47.26   55.44   68   57.7   48.1   38.01   29.15   37.16   57.8   25.7   22.56   25.63   29.15   33.6   37.44   49.2   43.6   37.16   45.96   25.96   17   14.21   6   18.43   7.21   30.26   13.6   45.89   7.61   0   4.47   6.4   3.6   5   3.16   3.16   4.47   5.65   
20.24   33.97   18.38   42.54   37.21   6.7   9.21   26.07   20.61   51.62   37.94   41.04   33.83   12.04   14.31   22.47   8.94   14.31   16.12   36.12   49.09   27.29   30.41   41.59   48.27   47.16   27.65   23.34   26.41   49.39   42.19   30.87   48.1   44.82   56.3   60.87   39.39   4.47   23.02   43.68   22.02   29.41   13.41   21.58   12.2   18.43   28.84   33.52   28.44   45.6   37.01   46.01   21.02   20.24   39.31   45.01   37   18.43   18.11   3   10.04   6   34.52   45.89   53.08   68.88   57.98   52.55   40.85   29.83   37.21   58.79   30.08   26.92   30.08   33.61   35.84   39.82   51.31   45.79   40.16   47.63   23.19   13.6   9.89   2.82   15.23   11.66   29.12   13.6   44.92   5.83   4.47   0   8.54   7   5   7.61   3.16   2.82   6   
12.04   26.62   13.45   34.13   29.83   11.4   3.16   23.76   22.62   43.93   33.24   38.47   25.29   4.47   20.24   22.36   17.46   21.21   14.31   34.78   42.48   20.24   25.49   36.4   39.81   39.62   19.23   15.81   18.02   40.85   35.84   25.49   42.95   36.79   48.01   53.03   40.8   9.21   30.41   37.16   14.14   25.61   15.13   24.18   19.84   22.82   31.89   34.13   28.17   45.61   29   38.6   16.03   11.7   31.06   37.21   30.88   16.15   10.04   5.83   11.4   14.31   31.06   42.01   51.19   61.61   51.42   46.52   32.31   22.82   31.01   51.4   23.7   20.59   24.41   28.01   27.45   31.38   43.01   37.44   31.62   39.62   22.82   15.62   15.52   11.18   23.76   9.21   25   8   40.31   13.6   6.4   8.54   0   3.16   4   6.08   9.21   6.08   12.04   
14.86   29.68   12.2   36.61   30.26   11.66   6   26.47   24.2   46.86   36.34   41.3   27.31   5.09   17.2   19.64   15.52   20.88   16.76   37.36   45.61   20.39   24.41   35.51   41.48   40.19   20.88   18.86   20.61   42.95   39   28.63   46.09   39.59   50.6   55.9   42.72   6.4   27.58   37   15.03   24.04   12.04   21.09   17.2   23.6   33.24   36.23   30.46   47.92   31.82   41.61   19.1   13.89   32.38   38.01   30.46   13.89   11.18   4   12.8   13   34.01   45.04   53.93   64.63   54.56   46.09   34.43   25.94   34.17   54.4   23.4   20.24   23.7   27.29   30   33.83   45.6   40   33.61   42.42   25.07   17.02   15.65   9.21   21.84   6.7   28.01   11.04   43.41   11.18   3.6   7   3.16   0   4.24   3   6.7   5.38   9.21   
15.26   29.06   16.4   37.58   33.73   7.61   4.24   23.08   20   46.66   33.95   38.05   29.12   8.24   18.38   23.4   13.89   17.26   13.15   33.73   44.41   24.04   28.6   39.66   43.73   43.56   23.19   18.38   21.47   44.59   37.58   26.57   43.96   39.82   51.31   55.9   38.58   7.28   27.8   40.85   18.11   28.28   15.13   24.02   17.02   19.41   29   32.2   26.57   44.01   32.01   41.1   16.76   15.52   35.05   41.19   34.43   18.02   14.03   3.16   8.6   10.44   31.06   42.29   50.48   64.03   53.33   50.08   36.05   25   32.64   53.9   27.31   24.16   27.78   31.38   30.88   34.88   46.32   40.81   35.44   42.63   21.18   12.8   11.7   7.81   20.12   10.81   25.31   8.94   41   10.63   5   5   4   4.24   0   6.7   6.7   2.23   9.84   
17.2   32.24   10.77   38.41   30.01   13.45   9   29.42   26.62   49.2   39.31   44.28   28.65   6.4   14.86   16.76   15.03   21.93   19.64   40.26   48.33   20.02   22.82   34   42.37   40.01   21.93   21.47   22.62   44.29   41.78   31.57   49.03   41.77   52.49   58.13   45.27   5.09   25.61   36.13   15.52   22.02   9.05   18.11   15.65   25.49   35.46   38.91   33.24   50.69   34.05   44.1   22.09   15.62   32.98   38.05   29.41   11.4   12.08   5   15.26   13.34   37.01   48.04   56.88   67.11   57.27   44.94   35.84   28.63   37   56.85   22.56   19.41   22.47   26   31.89   35.6   47.5   41.86   34.88   44.59   27.85   19.41   17.2   9.05   21.21   4.24   31.01   14.03   46.38   10.19   3.16   7.61   6.08   3   6.7   0   6   7.07   7.61   
21.26   35.6   16.49   43.26   36.01   9.84   10.81   29.01   23.76   53.07   40.52   44.01   34.01   11.7   11.7   19.41   9.05   16.64   19.02   39.2   51.1   26.01   28.23   39.39   48.08   46.01   27.51   24.83   27.2   49.65   44.29   33.24   50.59   46.01   57.2   62.22   42.54   1.41   21.26   41.97   21.37   26.92   10.29   18.43   10.63   21.4   31.9   36.68   31.57   48.76   38.2   47.63   23.4   20.59   38.83   44.04   35.17   15.81   17.72   3.6   13.15   7.61   37.33   48.66   56.14   70.6   60.03   50.59   41.14   31.62   39.35   60.44   28.44   25.31   28.16   31.62   36.61   40.49   52.2   46.61   40.31   48.83   26.3   16.76   12.8   3.16   15.29   9.48   31.78   15.65   47.53   4.47   3.16   3.16   9.21   6.7   6.7   6   0   5.09   3.16   
17.49   31.14   17.49   39.82   35.51   6.4   6.4   24   19.72   48.79   35.44   39   31.32   10.04   16.76   23.25   11.66   15.52   14   34.36   46.32   25.7   29.68   40.81   45.89   45.39   25.31   20.51   23.7   46.81   39.44   28.23   45.54   42.01   53.53   58.05   38.47   6   25.8   42.37   20.02   29.06   14.56   23.19   15   18.43   28.42   32.31   26.92   44.27   34.2   43.18   18.38   17.72   37.12   43.1   35.84   18.43   16   2.23   8.54   8.24   32.24   43.56   51.24   66.06   55.22   51.47   38.27   27.01   34.48   55.97   28.79   25.63   29.06   32.64   33.12   37.12   48.54   43.04   37.64   44.82   21.58   12.52   10.29   5.65   17.88   11.31   26.68   10.81   42.44   8.6   4.47   2.82   6.08   5.38   2.23   7.07   5.09   0   8.24   
24.04   38.6   17.02   45.8   37.05   12.36   13.89   32.06   26.24   55.97   43.68   47.04   36.23   13.89   8.54   17.69   8.24   17.69   22.09   42.1   54.2   27.07   28.16   39.21   49.97   47.04   29.54   27.8   29.83   51.88   47.41   36.4   53.75   48.79   59.81   65.06   44.94   2.82   18.38   42.42   23.08   26.4   8.48   15.81   8.06   23.32   34   39.29   34.36   51.41   41.01   50.6   26.57   23.02   40.52   45.27   35.51   15.23   19.69   6.7   16.03   8.48   40.44   51.78   59.07   73.6   63.13   50.69   43.41   34.66   42.48   63.41   29.06   26.01   28.44   31.78   39.2   43.01   54.81   49.2   42.48   51.62   29.15   19.41   14.76   4.47   14   10   34.92   18.78   50.69   3.16   5.65   6   12.04   9.21   9.84   7.61   3.16   8.24   0   
